TECHO LITE 
> mdw 0x1000100 0x40
0x01000100: 00000000 00000000 00000000 00000000 00000000 00000000 00000000 00000000
0x01000120: 00000000 00000000 00000000 00000000 00000000 00000000 00000000 00000000
0x01000140: 00000000 00000000 00000000 00000000 00000000 00000000 00000000 00000000
0x01000160: 00000000 00000000 00000000 00000000 00000000 00000000 00000000 00000000
0x01000180: 00000000 00000000 00000000 00000000 00000000 00000000 00000000 00000000
0x010001a0: 00000000 00000000 00000000 00000000 00000000 00000000 00000000 00000000
0x010001c0: 00000000 00000000 00000000 00000000 00000000 00000000 00000000 00000000
0x010001e0: 00000000 00000000 00000000 00000000 00000000 00000000 00000000 00000000

> mdw 0x10001000 0x40
0x10001000: ffffffff ffffffff ffffffff ffffffff ffffffff 000f7000 000fe000 ffffffff
0x10001020: ffffffff ffffffff ffffffff ffffffff ffffffff ffffffff ffffffff ffffffff
0x10001040: ffffffff ffffffff ffffffff ffffffff ffffffff ffffffff ffffffff ffffffff
0x10001060: ffffffff ffffffff ffffffff ffffffff ffffffff ffffffff ffffffff ffffffff
0x10001080: ffffffff ffffffff ffffffff ffffffff ffffffff ffffffff ffffffff ffffffff
0x100010a0: ffffffff ffffffff ffffffff ffffffff ffffffff ffffffff ffffffff ffffffff
0x100010c0: ffffffff ffffffff ffffffff ffffffff ffffffff ffffffff ffffffff ffffffff
0x100010e0: ffffffff ffffffff ffffffff ffffffff ffffffff ffffffff ffffffff ffffffff

> mdw 0x50000500 0xc0
0x50000500: 00000000 77e7ffff 77e7ffff 77e7ffff 21040008 d8780000 d8780000 d8780000
0x50000520: 00000000 00000000 00000000 00000000 00000000 00000000 00000000 00000000
0x50000540: 00000000 00000000 00000000 00000000 00000000 00000000 00000000 00000000
0x50000560: 00000000 00000000 00000000 00000000 00000000 00000000 00000000 00000000
0x50000580: 00000000 00000000 00000000 00000000 00000000 00000000 00000000 00000000
0x500005a0: 00000000 00000000 00000000 00000000 00000000 00000000 00000000 00000000
0x500005c0: 00000000 00000000 00000000 00000000 00000000 00000000 00000000 00000000
0x500005e0: 00000000 00000000 00000000 00000000 00000000 00000000 00000000 00000000
0x50000600: 00000001 00000000 00000001 00000000 00000001 00000000 00000001 00000001
0x50000620: 00000001 00000000 00000001 00000000 00000001 00000000 00000001 00000000
0x50000640: 00000001 00000000 00000001 00000000 00000001 00000000 00000001 00000000
0x50000660: 00000001 00000000 00000001 00000000 00000001 00000000 00000001 00000000
0x50000680: 00000001 00000000 00000001 00000000 00000001 00000001 00000000 00000000
0x500006a0: 00000000 00000000 00000001 00000000 00000001 00000000 00000001 00000000
0x500006c0: 00000001 00000001 00000001 00000000 00000001 00000000 00000000 00000000
0x500006e0: 00000001 00000000 00000001 00000001 00000001 00000000 00000000 00000000
0x50000700: 00000002 00000002 00000000 00000000 00000002 00000002 00000002 00000002
0x50000720: 00000002 00000002 00000002 00000002 00000002 00000002 00000002 00000002
0x50000740: 00000002 00000002 00000004 00000301 00000303 00000003 00000003 00000002
0x50000760: 0000000c 00000002 00000002 00000003 00000003 00000002 00000003 00000003
0x50000780: 00000000 00000000 00000000 00000000 00000000 00000000 00000000 00000000
0x500007a0: 00000000 00000000 00000000 00000000 00000000 00000000 00000000 00000000
0x500007c0: 00000000 00000000 00000000 00000000 00000000 00000000 00000000 00000000
0x500007e0: 00000000 00000000 00000000 00000000 00000000 00000000 00000000 00000000


> mdw 0x40003500 0x40
0x40003500: 00000006 00000000 00000022 00000024 ffffffff ffffffff 00000000 00000000
0x40003520: 00000000 01980000 00000000 00000000 00000000 00000000 00000000 00000000
0x40003540: 00000000 00000000 00000000 00000000 00000000 00000000 00000002 00000000
0x40003560: 00000000 00000000 00000000 00000000 00000000 00000000 00000000 00000000
0x40003580: 00000001 00000000 00000000 00000000 00000000 00000001 00000000 00000000
0x400035a0: 00000000 00000000 00000000 00000000 00000000 00000000 00000000 00000000
0x400035c0: 00000000 00000000 00000000 00000000 00000000 00000000 00000000 00000000
0x400035e0: 00000000 00000000 00000000 00000000 00000000 00000000 00000000 00000000

> mdw 0x40004500 0x40
0x40004500: 00000000 00000000 00000013 00000014 00000026 ffffffff 00000000 00000001
0x40004520: 00000000 80000000 00000000 00000000 00000000 2000d3cf 00000001 00000001
0x40004540: 00000000 2000d3cf 00000001 00000001 00000000 00000000 00000002 00000000
0x40004560: 00000000 00000000 00000000 00000000 00000000 00000000 00000000 00000000
0x40004580: 00000000 00000000 00000000 00000000 00000000 00000001 00000000 00000000
0x400045a0: 00000000 00000000 00000000 00000000 00000000 00000000 00000000 00000000
0x400045c0: 000000ff 00000000 00000000 00000000 00000000 00000000 00000000 00000000
0x400045e0: 00000000 00000000 00000000 00000000 00000000 00000000 00000000 00000000


> mdw 0x40023500 0x40
0x40023500: 00000000 00000000 ffffffff ffffffff ffffffff ffffffff 00000000 00000000
0x40023520: 00000000 04000000 00000000 00000000 00000000 00000000 00000000 00000000
0x40023540: 00000000 00000000 00000000 00000000 00000000 00000000 00000002 00000000
0x40023560: 00000000 00000000 00000000 00000000 00000000 00000000 00000000 00000000
0x40023580: 00000000 00000000 00000000 00000000 00000000 00000000 00000000 00000000
0x400235a0: 00000000 00000000 00000000 00000000 00000000 00000000 00000000 00000000
0x400235c0: 00000000 00000000 00000000 00000000 00000000 00000000 00000000 00000000
0x400235e0: 00000000 00000000 00000000 00000000 00000000 00000000 00000000 00000000